1
11
4
0
1
2
2
56
46
50
46
32
46
32
46
32
46
32
46
50
50
50
32
32
32
32
32
32
32
32
46
50
46
32
46
32
46
32
46
32
46
32
32
32
32
32
32
32
32
32
32
32
46
32
46
32
46
32
46
32
46
32
46
32
32
32
32
32
32
32
32
32
32
32
46
32
46
32
46
32
46
32
46
32
46
32
32
32
32
32
32
32
32
32
32
32
46
32
46
32
46
32
46
32
46
32
46
32
32
32
32
32
32
32
32
32
32
32
46
32
46
32
46
32
46
32
46
32
46
